169840
1
0
0
-2251922
0
-976476821667
274279
-276
1
-307576
0
0
676
24360102843390360
0
-72644
33172375846
-179695
1
-2291775
-240
1
0
0
2118428
282451
0
1
15
-2257087
1
0
843484263289
0
-209152
0
67081
1
0
0
16568094083
1811061
0
-6745919970000
0
1
-3036350082489932613874
0
1
0
0
-21099188701573343
0
1
7840665
0
0
11517852
0
1112042183995
-116480
0
-368362
-1834148
24265309
0
613928093909956
0
-4852656862907456669
0
0
1
0
-130649667
1387936362
1
22153936764230
187784976
0
-4085022438114019178753578
1
1
1
1910
0
-3873680
1
1
65889
0
